,4,5,6,7,8,9,10,11,12,13,max_cluster
0,0.15114308312914165,0.13554333599304486,0.12617275903830327,0.12142736229503126,,,,,,,4.0
1,,0.1431065797303518,0.1444307552563649,0.13907473728505954,0.11733299897178458,0.10298348648047807,,,,,6.0
2,,0.16280225746340277,0.17896605935318005,0.14773022224455065,0.13593705468949405,0.12655118547209482,,,,,6.0
3,,,0.11006144741731681,0.11442545397289272,0.137630206084846,0.0979014400389173,0.12008563795719529,0.11728369032523424,,,8.0
4,,,0.09106955720719657,0.05591357878623189,0.07223666166486549,0.04664871642278897,0.05115670602689571,0.04324813508956155,,,6.0
5,,0.11633634251635135,0.11026283038573975,0.08495255842371313,0.08577434014288265,0.0856815568513703,,,,,5.0
6,0.30928130612219107,0.20914005327688093,0.18304011105892856,0.16280945328038493,,,,,,,4.0
7,,0.15446549502180024,0.13086153167032213,0.11913804074051884,0.0887275336361446,0.07472344686979616,,,,,5.0
8,,,,0.038183609159509135,0.06673394892057788,0.04356631901307573,0.04100004152520046,0.030556019426964384,0.03539141072685352,0.01769914448017329,8.0
9,0.21304523976302325,0.18252758871053598,0.1439215580717365,0.12546185640921842,,,,,,,4.0
